东北大米	1561	383	1178
五谷杂粮	1947	668	1279
亲子游	702	319	383
优质大米	57	21	35
保乐力加	219	104	114
儿童阴虚	1	0	1
华强方特	722	369	353
去除衣服汗味	7	1	5
在线教育	1355	618	737
多囊卵巢症	469	12	457
大学生贷款	3913	1261	2652
婴儿奶粉哪个牌子好	960	42	918
婴儿奶粉排行榜	239	20	219
婴儿奶粉	1446	305	1140
孕妇奶粉	1712	193	1518
宝宝奶粉	192	42	150
幻城	629757	103294	526463
手机排行榜	37232	12259	24973
手游直播平台	2315	84	2231
手游直播	566	136	429
拍照手机排行	1302	41	1261
拍照手机推荐	29	12	17
拍照手机	2591	279	2311
拍照最好的手机	525	61	463
日语培训机构	200	66	134
日语培训班	1513	153	1359
早孕流产	396	16	379
易信	11703	2564	9139
智能制造	591	453	137
智能手机排行榜	2960	1507	1452
最新智能手机	59	3	55
月经失调	806	43	763
有机大米	270	149	120
有机米	79	30	49
校车	1958	912	1045
欧米茄星座系列	880	431	448
欧米茄超霸系列	103	29	74
民生	3197	2702	494
汽车轮胎排名	1283	237	1045
游戏直播平台	608	507	101
照相手机	521	60	460
牛栏奶粉	25852	400	25452
球球大作战视频	10824	3356	7467
破壁豆浆机	57	15	42
绿色大米	195	38	157
羊奶粉品牌	86	28	58
美白产品	260	47	212
美白面膜	917	281	635
艺术漆	709	189	519
荷兰奶粉	338	73	264
跑步鞋推荐	958	407	550
通用电气	989	608	381
闪充手机	84	12	72
闪充	488	71	417
雅培	3795	1270	2524
面膜	9994	1493	8501
音乐手机	457	105	351
风险小的理财产品	6	0	6
东北大米	1542	382	1160
买车	5291	1387	3904
五谷杂粮	1960	665	1294
亲子游	699	318	381
优质大米	57	21	36
保乐力加	224	109	115
壁挂炉	2535	843	1691
壁挂炉	2535	843	1691
